None

       charging_capacity_kW  distance_km  num_ev_stations_route  charger_power_kW  charging_capacity_kWh  charging_duration_hours
count           9789.000000  9792.000000            9785.000000      10300.000000           10300.000000             10300.000000
mean              49.161824   304.633170              25.030046         32.015282              45.862136                 4.703981
std               51.877506   171.077338              14.041876         33.940737              18.266974                 5.351996
min                3.300000    10.000000               1.000000          3.300000              20.000000                 0.200000
25%                7.200000   157.000000              13.000000          7.400000              30.000000                 0.910000
50%               22.000000   304.000000              25.000000         11.000000              50.000000                 2.730000
75%              100.000000   453.000000              37.000000         50.000000              60.000000                 6.760000
max              150.000000   599.000000              49.000000        100.000000              75.000000                22.730000